RP13 : 300 700 0 360
RP2 : 500 100 0 167.34744349944202
RP12 : 1300 500 0 360
RP14 : 700 700 0 360
RP15 : 1100 700 0 360
RP1 : 100 100 0 19.53665493812838
RP4 : 1300 100 0 360
RP7 : 1100 300 0 360
RP3 : 900 100 0 360
RP10 : 500 500 0 360
RP5 : 300 300 0 255.0
RP8 : 1500 300 0 360
RP9 : 100 500 0 360
RP6 : 700 300 0 360
RP11 : 900 500 0 360
