RP13 : 300 700 0 360
RP2 : 500 100 0 63.92464441605124
RP12 : 1300 500 0 360
RP14 : 700 700 0 360
RP15 : 1100 700 0 360
RP1 : 100 100 0 360
RP4 : 1300 100 0 360
RP7 : 1100 300 0 360
RP3 : 900 100 0 360
RP10 : 500 500 0 305.0
RP5 : 300 300 0 360
RP8 : 1500 300 0 360
RP9 : 100 500 0 360
RP6 : 700 300 0 157.6198649480404
RP11 : 900 500 0 360
